14
291
305
446
598
662
755
1232
1271
1465
1719
1738
1952
2117
2474
2493
3248
3794
4036
4039
4040
4045
4046
4049
4050
4052
4057
4059
4063
4067
4068
4070
4076
4080
4081
4091
4096
4098
4100
4103
4114
4117
4127
4133
4135
4148
4154
4155
4171
4177
4181
4183
4184
4190
4214
4216
4220
4222
4226
4236
4240
4247
4251
4254
4255
4262
4268
4272
4282
4286
4291
4292
4294
4299
4307
4318
4320
4322
4323
4324
4334
4340
4341
4351
4358
4365
4366
4383
4402
4412
4417
4422
4423
4424
4425
4427
4433
4441
4450
4461
4463
4465
4470
4475
4476
4480
4484
4486
4495
4503
4508
4509
4520
4528
4534
4549
4560
4565
4566
4580
4605
4629
4636
4657
4661
4672
4677
4690
4694
4697
4715
4720
4723
4730
4732
4755
4766
4767
4769
4797
4834
4844
4872
4882
4909
4910
4915
4917
4918
4947
4986
5008
5047
5051
5057
5060
5061
5066
5069
5072
5076
5081
5095
5096
5103
5116
5124
5128
5143
5148
5149
5152
5159
5162
5171
5174
5182
5186
5193
5194
5195
5198
5199
5202
5205
5206
5208
5209
5213
5215
5217
5219
5223
5227
5231
5236
5237
5241
5243
5251
5261
5263
5276
5277
5281
5288
5290
5293
5297
5299
5308
5314
5342
5365
5369
5370
5378
5393
5435
5443
5444
5458
5480
5483
5491
5494
5498
5503
5504
5505
5509
5514
5525
5526
5532
5540
5543
5576
5581
5583
5584
5589
5591
5609
5611
5612
5618
5622
5628
5634
5639
5642
5643
5645
5647
5650
5652
5653
5658
5659
5668
5669
5670
5672
5683
5686
5688
5692
5703
5708
5714
5721
5722
5723
5724
5732
5733
5742
5745
5747
5748
5757
5760
5763
5770
5772
5780
5782
5787
5788
5789
5791
5793
5802
5813
5818
5822
5828
5830
5835
5839
5840
5842
5879
5887
5890
5895
5902
5904
5908
5912
5919
5928
5934
5936
5944
5947
5951
5955
5961
5964
5966
5967
5988
5990
5998
5999
6000
10001
10004
10005
10011
10016
10038
10056
10059
10060
10065
10072
10077
10079
10116
10117
10119
10128
10129
10146
10153
10154
10155
10158
10160
10174
10176
10177
10178
10179
10180
10225
10226
10241
10242
10243
10244
10254
10256
10263
10291
10292
10293
10294
10308
10309
10318
10333
10334
10348
10351
10358
10362
10364
10366
10368
10369
10371
10373
10374
10376
10378
10382
10384
10386
10387
10388
10389
10390
10391
10394
10395
10396
10408
10413
10423
10425
10427
10488
10491
10492
10497
10500
10508
10510
10515
10517
10518
10520
10524
10527
10533
10546
10550
10552
10553
10557
10642
10643
10645
10649
10659
10660
10661
10666
10684
10686
10690
10691
10694
10712
10758
10760
10765
10766
10768
10776
10819
10843
10851
10871
10873
10874
10900
10901
10906
10958
11027
11034
