20160401
20160404
20160405
20160406
20160407
20160408
20160411
20160412
20160413
20160414
20160415
20160418
20160419
20160420
20160421
20160422
20160425
20160426
20160427
20160428
20160429
20160502
20160503
20160504
20160505
20160506
20160509
20160510
20160511
20160512
20160513
20160516
20160517
20160518
20160519
20160520
20160523
20160524
20160525
20160526
20160527
20160531
20160601
20160602
20160603
20160606
20160607
20160608
20160609
20160610
20160613
20160614
20160615
20160616
20160617
20160620
20160621
20160622
20160623
20160624
20160627
20160628
20160629
20160630
20160701
20160705
20160706
20160707
20160708
20160711
20160712
20160713
20160714
20160715
20160718
20160719
20160720
20160721
20160722
20160725
20160726
20160727
20160728
20160729
20160801
20160802
20160803
20160804
20160805
20160808
20160809
20160810
20160811
20160812
20160815
20160816
20160817
20160818
20160819
20160822
20160823
20160824
20160825
20160826
20160829
20160830
20160831
20160901
20160902
20160906
20160907
20160908
20160909
20160912
20160913
20160914
20160915
20160916
20160919
20160920
20160921
20160922
20160923
20160926
20160927
20160928
20160929
20160930
20161003
20161004
20161005
20161006
20161007
20161010
20161011
20161012
20161013
20161014
20161017
20161018
20161019
20161020
20161021
20161024
20161025
20161026
20161027
20161028
20161031
20161101
20161102
20161103
20161104
20161107
20161108
20161109
20161110
20161111
20161114
20161115
20161116
20161117
20161118
20161121
20161122
20161123
20161125
20161128
20161129
20161130
20161201
20161202
20161205
20161206
20161207
20161208
20161209
20161212
20161213
20161214
20161215
20161216
20161219
20161220
20161221
20161222
20161223
20161227
20161228
20161229
20161230
20170103
20170104
20170105
20170106
20170109
20170110
20170111
20170112
20170113
20170117
20170118
20170119
20170120
20170123
20170124
20170125
20170126
20170127
20170130
20170131
20170201
20170202
20170203
20170206
20170207
20170208
20170209
20170210
20170213
20170214
20170215
20170216
20170217
20170221
20170222
20170223
20170224
20170227
20170228
20170301
20170302
20170303
20170306
20170307
20170308
20170309
20170310
20170313
20170314
20170315
20170316
20170317
20170320
20170321
20170322
20170323
20170324
20170327
20170328
20170329
20170330
20170331
20170403
20170404
20170405
20170406
20170407
20170410
20170411
20170412
20170413
20170417
20170418
20170419
20170420
20170421
20170424
20170425
20170426
20170427
20170428
20170501
20170502
20170503
20170504
20170505
20170508
20170509
20170510
20170511
20170512
20170515
20170516
20170517
20170518
20170519
20170522
20170523
20170524
20170525
20170526
20170530
20170531
20170601
20170602
20170605
20170606
20170607
20170608
20170609
20170612
20170613
20170614
20170615
20170616
20170619
20170620
20170621
20170622
20170623
20170626
20170627
20170628
20170629
20170630
20170703
20170705
20170706
20170707
20170710
20170711
20170712
20170713
20170714
20170717
20170718
20170719
20170720
20170721
20170724
20170725
20170726
20170727
20170728
20170731
20170801
20170802
20170803
20170804
20170807
20170808
20170810
20170809
20170811
20170814
20170815
20170816
20170817
20170818
python
20170821
20170822
20170823
20170824
20170825
20170828
20170829
20170830
20170831
20170901
20170905
20170906
20170907
20170908
20170911
20170912
20170913
20170914
20170915
20170918
20170919
20170920
20170921
20170922
20170925
20170926
20170927
20170928
20170929
20171002
20171003
20171004
20171005
20171006
20171009
20171010
20171011
20171012
20171013
20171016
20171017
20171018
20171019
20171020
20171023
20171024
20171025
20171026
20171027
20171030
20171031
20171101
20171102
20171103
20171106
20171107
20171108
20171109
20171110
20171113
20171114
20171115
20171116
20171117
20171120
20171121
20171122
20171124
20171127
20171128
20171129
20171130
20171201
20171204
20171205
20171206
20171207
20171208
20171211
20171212
20171213
20171214
20171215
20171218
20171219
20171220
20171221
20171222
20171226
20171227
20171228
20171229
20180102
20180103
20180104
20180105
20180108
20180109
20180110
20180111
20180112
20180116
20180117
20180118
20180119
20180122
20180123
20180124
20180125
20180126
20180129
20180130
20180131
20180201
20180202
20180205
20180206
20180207
20180208
20180209
20180212
20180213
20180214
20180215
20180216
20180220
20180221
20180222
20180223
20180226
20180227
20180228
20180301
20180302
20180305
20180306
20180307
20180308
20180309
20180312
20180313
20180314
20180315
20180316
20180319
20180320
20180321
20180322
20180323
20180326
